$ANSIBLE_VAULT;1.1;AES256
34353636613061666662303033383736346439306630653132343138333730383339303265376236
3462383133613866623366333637643763353863383737300a336263333161343166393563336234
38616634656237346666356262376538393365383139643332643139663130303861333162386436
3633633739326333660a316165333535653061343032396434633334313130376462376531356430
39383836306362386333373333323665313661613432316238633861333231393462373139333134
33623833653630396534633630616364343831346265353465356639343562306335323230363162
66643132636566653930623534613062346562363561363236363962366662376431616332353062
38333261666562633338313365633434346361396434313866613233316362393765386230633761
37333132323437376530396437353936363064643633373963663664633930363631646231613064
31666266653231346534316165633234363366643539646234303561373363386333666165633136
65313936316466396361373739633663623061303839353832376232343266383931383631343435
34326264333933303865666533383934376236613531326235393065333536393436363430666564
3233
